195
226
191
182
200
230
173
165
178
182
139
156
126
121
126
108
69
43
0
0
-39
-39
-39
-13
-52
-52
-26
-43
-26
-34
-13
-17
-47
-39
-39
-43
-30
-39
13
17
34
34
30
21
43
47
34
17
52
52
30
39
86
65
47
73
100
43
13
30
30
34
13
-8
8
-30
-13
0
-39
-52
-47
-47
-69
-95
-60
-56
-86
-91
-52
-13
-56
-47
-43
-4
-8
-13
8
8
-26
-21
-4
4
-30
-4
-8
-4
-39
-30
-52
-47
-108
-86
-108
-117
-143
-117
-121
-117
-139
-113
-147
-169
-165
-173
-182
-165
-156
-173
-156
-121
-121
-178
-165
-160
-160
-234
-208
-230
-200
-256
-204
-186
-134
-108
-60
-8
-47
-60
-91
-86
-143
-108
-95
0
8
113
321
491
691
934
1000
904
760
626
382
208
117
213
343
426
556
660
573
386
186
-117
-521
-726
-900
-943
-843
-708
-547
-452
-404
-400
-504
-560
-608
-630
-586
-534
-400
-352
-169
30
160
304
386
473
465
491
430
447
426
365
291
226
204
134
113
195
226
239
213
152
56
-47
-226
-291
-339
-321
-321
-304
-182
-39
43
117
182
186
69
4
-34
-65
-108
-43
4
8
43
69
86
69
30
-26
-78
-213
-300
-386
-417
-460
-417
-395
-308
-265
-195
-182
-113
-73
-30
4
13
8
39
56
104
200
304
386
460
508
504
482
413
343
260
186
121
30
13
21
13
4
-13
-21
-143
-213
-286
-347
-391
-391
-330
-286
-260
-182
-113
-95
-52
47
60
126
165
217
165
186
221
278
213
260
295
308
321
339
343
247
178
126
17
-86
-169
-204
-195
-182
-113
-34
-8
-43
-60
-121
-182
-243
-243
-221
-169
-104
13
139
147
191
195
217
169
117
126
143
160
156
186
204
204
208
204
217
208
178
152
121
60
0
-30
-21
-52
-47
-8
17
-13
-8
13
-4
-26
-17
-39
-60
-104
-95
-91
-60
-26
-4
26
43
60
39
34
4
4
-17
-30
4
0
21
60
100
104
139
178
108
60
34
21
30
0
-13
30
30
17
34
39
21
21
0
-69
-117
-121
-91
-143
-147
-104
-47
-65
-47
-43
-21
-52
-47
-26
-8
-56
-47
-39
-4
-30
17
56
47
39
21
39
13
-30
-60
-52
-100
-139
-121
-130
-113
-117
-117
-86
-69
-104
-108
-156
-173
-195
-191
-226
-204
-186
-160
-126
-100
-91
-91
-86
-134
-173
-230
-226
-265
-278
-226
-165
-152
-100
-30
-8
-13
-65
-65
-104
-121
-152
-134
-39
13
91
260
408
547
639
786
895
765
613
521
443
321
256
300
360
430
465
465
413
204
91
-178
-386
-569
-778
-760
-739
-704
-652
-552
-482
-473
-513
-521
-504
-530
-517
-495
-391
-300
-169
-30
147
230
413
426
526
500
452
400
404
330
282
239
195
195
182
195
178
200
152
86
-17
-78
-182
-260
-300
-321
-234
-269
-182
-69
21
34
117
121
113
30
4
-13
-56
-34
-17
26
65
60
69
65
47
-47
-104
-121
-252
-334
-391
-386
-417
-386
-334
-321
-256
-226
-165
-78
-52
-43
-4
30
39
47
95
182
269
300
400
500
495
460
460
395
326
217
165
130

