-465
-435
-370
-485
-300
-200
-195
-220
-125
60
35
-25
80
35
175
65
235
135
120
160
220
145
75
130
145
65
80
15
25
-80
-130
-140
-210
-160
-45
5
-65
0
10
50
0
-115
-60
-45
10
20
10
75
40
30
-40
10
-30
-110
-30
-100
-195
-85
15
-235
-235
-165
-130
-300
-295
-185
-80
-160
-120
-75
-70
-40
-80
-90
-35
40
25
120
55
175
190
260
150
150
275
195
105
165
180
115
190
280
110
105
125
265
80
80
185
170
5
0
215
75
5
65
215
70
-20
-25
135
10
-30
0
185
-10
-25
60
-15
-90
-65
165
15
-85
-10
145
105
30
5
0
125
20
95
-55
80
40
190
20
95
90
170
5
-20
50
45
-80
5
10
20
-50
-70
0
70
-60
-140
20
-10
-115
-105
105
-25
-85
-75
235
15
-5
10
105
105
115
30
160
155
95
60
125
65
45
170
-10
55
85
140
-20
30
-30
85
-50
-85
-70
-115
-75
-120
-140
-35
-10
-30
15
-55
-70
10
-35
-40
-50
-25
130
50
-5
40
110
90
-30
70
35
145
-15
65
20
85
45
-15
-75
-5
-35
-85
-110
-95
20
-70
-105
-120
-140
-95
-195
-125
-160
-185
-240
-110
-75
-125
-185
-115
-85
-170
-100
-235
-105
-250
-135
-230
-155
-115
-170
-230
-70
-205
-180
-220
-145
-200
-165
-315
-290
-140
-275
-320
-260
-345
-390
-265
-270
-190
-265
-165
-5
75
90
265
360
380
430
670
510
540
555
700
640
595
615
675
585
525
605
440
395
210
185
70
-90
-310
-290
-235
-400
-510
-580
-460
-475
-555
-595
-455
-440
-445
-405
-365
-265
-335
-240
-180
40
15
35
140
280
265
190
205
400
240
125
165
295
125
90
60
60
145
-10
-100
-100
105
-120
-170
-200
-225
-200
-130
-85
-60
-65
30
-40
15
135
45
100
0
115
5
80
-55
55
80
-40
-55
-115
-130
20
-175
-135
-190
-170
-230
-255
-310
-225
-360
-320
-190
-70
-120
-95
-45
55
-30
-35
175
70
130
85
230
170
185
235
260
170
265
395
180
130
115
270
110
135
80
95
165
45
145
65
205
35
5
-10
95
45
140
-15
60
35
-5
-25
105
40
50
95
0
50
-35
100
95
-20
-50
-50
25
-75
60
105
40
40
170
60
-35
-50
115
40
80
20
35
10
145
45
115
70
0
25
10
-10
-65
5
-95
20
-75
10
-85
-20
-85
-100
25
0
-35
-40
30
-15
-20
-40
40
180
50
165
120
70
90
160
185
85
55
50
200
35
-30
-35
65
-35
130
75
20
-95
-105
105
-125
-120
-170
-195
-115
-10
-100
-105
-30
25
-5
-45
35
-55
45
40
50
35
20
-35
65
155
120
30
30
65
80
180
-10
80
-25
10
-40
-80
-100
-160
-45
-125
80
-80
-150
-155
-45
-60
-155
-245
-180
-120
-115
-205
-190
-160
-60
-140
-115
-140
-155
-110
-75
-200
-200
-220
-135
-210
-190
-135
-140
-210
-240
-155
-180
-150
-170
-255
-335
-140
-370
-280
-295
-310
-315
-335
-285
-275
-210
-110
50
220
190
445
555
615
525
495
620
615
585
575
565
605
1000
655
540
580
670
320
180
150
-20
-230
-305
-315
-310
-580
-545
-335
-570
-580
-620
-525
-455
-480
-505
-380
-460
-365
-370
-170
-65
35
-5
95
375
330
205
205
255
525
190
175
130
250
80
130
15
35
235
60
-55
-105
-75
-105
-300
-310
-145
-240
-290
-85
-85
60
35
75
50
25
45
135
55
5
-15
145
85
-10
35
100
-55
-135
-120
5
-195
-130
-225
-205
-335
-290
-335
-385
-320
-375
-210
-150
-90
-125
120
45
-75
-50
80
170
50
130
170
170
305
260
305
260
285
300
185
205
160
235
115
140
50
105
110
110
35
115
10
-15
150
0
-60
65
50
15
10
55
45
45
-30
15
85
0
85
215
15
-55
40
100
-5
-60
55
45
-60
70
55
80
-40
160
95
-25
15
-50
-45
140
30
5
20
205
25
35
95
10
-20
-30
-90
10
45
-105
-90
45
-20
-95
-90
-20
35
0
-85
-30
35
-65
-60
140
70
-30
-15
180
125
45
150
190
175
105
155
100
20
-35
5
170
80
-50
20
140
40
-65
40
-55
-115
-115
-75
-80
-185
-165
-95
-105
-100
-30
125
-90
-55
65
65
-40
-35
65
-10
80
25
75
0
165
190
50
70
125
120
30
85
-40
-85
-75
-25
-95
-125
-110
-30
-150
-135
15
-130
-155
-65
-195
-225
-240
65
-240
-255
-145
10
-170
-150
-95
-125
-115
-165
-160
-115
-210
-190
-150
-210
-180
-175
-105
-210
-120
-200
-180
-225
-205
-245
-235
-290
-320
-370
-235
-345
-360
-310
-185
-160
-170
30
140
355
355
450
580
625
730
530
485
555
590
730
655
670
720
675
650
515
350
175
55
215
-140
-315
-410
-400
-565
-580
-305
-575
-555
-595
-415
-540
-575
-495
-415
-285
-460
-370
-150
5
-5
5
120
320
265
230
300
250
420
335
205
120
70
205
135
-15
15
125
115
-20
-90
-60
-80
-290
-230
-240
-300
-260
-165
75
-40
60
55
125
120
55
45
100
-20
-35
175
120
10
-45
85
-5
-80
-170
-70
-110
-255
-290
-245
-130
-375
-405
-340
-280
-275
-295
-170
-140
-25
-65
45
120
85
-20
25
200
105
80
255
330
305
265
350
310
155
220
240
205
70
80
55
160
115
150
80
65
150
5
10
-10
105
-30
35
35
20
-15
55
110
95
85
-25
-55
-10
175
-15
20
10
75
-45
20
-90
-70
130
10
110
20
95
25
5
90
85
-10
-15
45
15
45
40
135
35
75
100
25
-25
60
-60
-30
-85
10
0
-100
-10
-50
110
-105
-155
-65
120
-85
-100
-65
125
-70
-45
20
165
105
50
125
135
40
130
160
210
50
55
180
70
-45
10
165
10
55
30
70
-25
-45
-165
-60
-120
-50
-240
-115
-5
-145
-125
-75
125
-105
0
-10
55
-65
5
50
10
-35
10
205
30
85
40
125
135
210
-5
10
95
185
-65
-60
60
-50
-145
-130
25
-115
-135
-85
-50
-155
-100
-125
-170
-155
-120
-165
-255
-235
-25
-80
-205
-170
-90
-95
-60
-180
-230
-90
-115
-125
-230
-125
-115
-80
-225
-265
-170
-10
-270
-305
-210
-60
-275
-310
-360
-275
-295
-285
-365
-265
-225
-265
-145
20
5
105
345
575
455
540
555
655
615
535
680
620
645
580
775
705
610
485
395
395
265
45
-105
-85
-305
-385
-535
-455
-510
-540
-640
-425
-520
-550
-490
-430
-500
-440
-240
-290
-280
-170
-80
-15
145
120
275
205
315
370
340
245
225
230
195
130
0
75
105
95
5
10
65
-75
-170
-160
-230
-255
-180
-240
-140
-150
-125
65
90
35
75
180
90
45
35
70
-30
135
45
85
-25
25
-80
-160
-85
-75
-220
-170
-170
-325
-200
-300
-355
-365
-320
-290
-220
-225
-180
-25
110
-5
15
75
240
80
70
100
170
230
335
295
275
305
205
170
230
320
75
45
160
195
0
50
40
190
30
110
135
100
-10
-45
35
0
75
30
95
105
50
0
75
-5
30
240
55
-15
-35
105
-20
-40
-5
55
-95
-60
95
0
-45
35
250
10
-10
35
40
-25
-5
25
95
45
120
-20
85
75
45
85
60
15
-95
-15
-35
-120
-45
45
5
-55
-105
5
-30
-55
-85
-50
55
65
-40
-55
-20
115
95
50
105
135
195
175
85
130
85
135
15
125
35
-25
0
165
15
-45
-35
10
65
-85
-145
-85
-50
-175
-215
-195
35
-115
-120
-65
50
115
30
5
-40
10
-15
-5
25
20
40
125
125
35
130
105
190
55
90
55
90
-20
-80
-60
-40
-90
-100
-50
-80
-100
-160
-55
-170
-50
-115
-140
-220
-135
-130
-245
-230
-45
-100
-185
-170
-40
-120
-90
-170
-75
-145
-190
-215
-95
-200
-95
-205
-220
-85
-120
-215
-235
-145
-190
-295
-320
-155
-215
-295
-365
-345
-230
-170
-285
-265
-170
95
60
35
105
325
460
465
510
580
685
740
635
610
620
550
590
605
605
500
490
360
185
85
70
0
-185
-325
-280
-460
-490
-530
-420
-565
-570
-485
-450
-475
-500
-425
-350
-215
-285
-125
-215
-105
-25
165
60
195
305
230
255
225
390
210
195
200
180
105
40
90
60
-15
-45
-35
-10
-120
-165
-95
-245
-70
-230
-115
-195
-95
-45
-5
70
95
50
160
135
10
20
40
-15
55
60
-25
-5
-55
-85
-165
-175
-165
-180
-295
-210
-220
-225
-290
-295
-220
-325
-270
-45
-180
-190
-65
210
90
70
85
185
160
90
135
310
225
220
255
335
310
175
175
280
110
25
160
90
60
80
80
60
25
105
45
50
-50
-20
100
-25
-5
100
180
-5
30
45
110
-5
-10
85
170
-45
-40
90
85
125
-25
-60
-60
15
0
-35
40
25
95
0
75
20
-15
-10
90
-15
-40
20
120
75
35
35
110
115
-50
-80
100
-80
-95
-45
75
-10
-35
-45
-65
-90
-120
-40
35
-15
-100
-5
60
60
-10
85
95
15
5
220
185
30
50
175
220
30
110
105
115
-35
-20
115
45
25
-25
-40
-65
-30
-45
-140
-160
25
-175
-190
-85
15
-155
-85
25
50
-50
-25
125
15
-45
-40
150
130
40
5
230
55
115
60
105
25
115
105
-10
-45
-5
-5
-60
-65
-75
-55
-180
-205
-100
70
-175
-205
-95
-75
-120
-195
-105
-180
-220
-155
-20
-165
-135
-155
-135
-175
-65
-105
-185
-150
-180
-35
-240
-140
-195
-60
-235
-245
-190
-125
-240
-235
-170
-225
-240
-270
-280
-205
-180
-225
-210
-105
-110
-95
-55
65
15
160
90
195
160
280
445
715
640
605
650
665
575
415
345
450
625
305
260
260
455
195
75
-70
-50
-120
-245
-440
-435
-405
-390
-460
-460
-540
-435
-415
-370
-365
-210
-265
-245
-215
-65
-115
-95
40
65
40
145
160
260
160
185
235
285
200
205
65
200
-40
-115
-125
85
-115
-90
105
80
-70
-125
35
-170
-215
-180
-120
-115
-90
30
90
30
60
125
-30
35
105
-55
-40
-80
-35
10
-55
-95
-185
-210
-150
-230
-150
-215
-120
-185
-215
-195
-160
-145
-270
-280
-40
-60
-95
-20
190
200
160
120
155
155
145
75
100
200
245
220
235
345
235
140
95
205
165
90
10
155
90
-20
25
130
95
-10
20
220
-15
-30
50
110
10
110
50
105
25
40
-20
-25
40
95
70
60
50
65
20
-30
25
-90
-65
5
30
-55
20
140
0
35
135
90
-40
15
55
-35
-85
-45
160
180
35
30
-25
-45
110
80
-70
-120
-85
90
-60
-135
15
90
-45
-80
20
-25
-15
-35
100
0
25
-45
-30
135
195
-50
-5
45
320
75
105
150
130
15
5
60
115
-20
-50
-115
-30
105
-15
-75
-25
-45
20
-30
-155
-55
-140
-140
-110
-50
-55
55
-25
-5
-10
225
15
-20
70
75
50
115
40
0
25
165
105
20
-25
15
65
25
-70
-10
-15
-50
-180
-80
-210
-85
-135
-130
-135
-130
0
-120
-110
-160
-105
-210
-165
-205
-175
-85
-115
-150
-75
-105
-150
-185
-85
-125
-210
-155
-215
-165
-180
-150
-235
-235
-155
-140
-235
-285
-165
-280
-180
-240
-225
-175
-85
-145
-80
-30
100
20
0
0
65
5
70
95
165
250
355
425
670
685
535
495
570
470
245
255
320
340
265
280
245
130
185
235
50
-70
-145
-250
-320
-425
-470
-455
-385
-460
-475
-405
-190
-255
-355
-310
40
-215
-225
-185
0
-130
-120
-65
265
100
125
165
190
300
290
175
135
115
75
-40
-25
-55
-60
50
80
-5
45
60
-70
-55
-115
-150
-215
-135
-90
-105
-115
-35
80
70
0
40
-5
20
-110
-100
35
15
-90
-120
-100
-140
-130
-200
-170
-40
-145
-185
-70
-30
-80
-195
-255
-200
-95
-170
-175
-30
125
20
75
230
230
125
50
55
235
70
135
260
215
240
240
200
185
160
145
105
195
75
25
45
115
55
50
35
145
180
10
-35
-65
65
145
85
35
-10
20
55
-15
-45
155
70
80
15
55
85
75
-5
10
35
60
-40
-20
-50
50
45
35
30
140
105
5
-40
-65
30
15
-20
90
-30
45
45
160
-50
-60
150
70
-80
-105
-5
10
-85
-65
55
5
-85
15
105
-50
-110
-40
125
50
-35
35
130
30
-5
130
65
60
90
170
110
80
95
45
35
65
10
75
-35
-60
-75
-10
130
-60
0
60
-5
-160
-100
60
-140
-170
-100
-15
40
-85
-65
115
160
20
5
45
55
-15
110
75
30
25
165
15
-25
5
160
35
5