71
52
40
8
-4
-37
-51
-82
-110
-138
-167
-193
-221
-246
-263
-292
-308
-324
-339
-363
-375
-378
-390
-413
-422
-421
-431
-447
-463
-466
-478
-485
-486
-499
-502
-506
-493
-490
-486
-480
-459
-458
-442
-441
-421
-421
-419
-417
-400
-403
-401
-392
-386
-389
-373
-369
-353
-353
-337
-328
-329
-321
-313
-310
-314
-311
-309
-312
-310
-312
-307
-313
-333
-340
-346
-341
-359
-365
-373
-372
-373
-379
-382
-371
-386
-395
-399
-395
-405
-414
-419
-415
-420
-421
-426
-435
-442
-445
-433
-439
-450
-451
-452
-434
-406
-381
-387
-383
-356
-311
-299
-289
-269
-251
-237
-214
-201
-196
-196
-196
-178
-161
-161
-166
-161
-135
-90
-60
-32
12
62
126
206
298
374
440
515
577
642
678
709
732
767
794
834
865
906
929
955
970
992
977
953
931
927
906
900
921
935
932
922
915
899
843
779
720
649
575
515
457
396
328
266
200
149
83
20
-44
-89
-128
-150
-149
-170
-192
-214
-229
-262
-311
-360
-398
-432
-458
-466
-473
-480
-467
-443
-415
-394
-385
-370
-348
-325
-301
-263
-217
-192
-167
-126
-84
-62
-32
-1
42
104
151
185
227
280
342
386
450
498
548
586
629
673
699
717
749
761
768
778
800
794
786
786
780
786
766
743
727
717
693
673
647
635
594
553
518
486
429
391
350
314
261
226
183
152
108
78
43
26
-5
-29
-37
-44
-62
-77
-80
-86
-108
-120
-116
-123
-144
-157
-145
-151
-166
-173
-153
-156
-156
-152
-132
-130
-130
-124
-110
-103
-93
-82
-69
-65
-63
-61
-57
-62
-56
-36
-24
-20
-13
10
20
35
60
72
84
94
107
115
133
136
141
143
150
148
163
152
158
153
154
144
142
141
137
119
112
101
87
68
45
38
20
-2
-32
-51
-70
-95
-117
-144
-173
-191
-221
-246
-271
-277
-298
-327
-354
-363
-375
-391
-408
-415
-434
-429
-442
-449
-443
-455
-469
-479
-484
-484
-495
-490
-491
-484
-472
-466
-466
-448
-451
-442
-436
-426
-421
-417
-411
-402
-387
-381
-378
-369
-356
-349
-350
-339
-340
-330
-329
-318
-318
-315
-316
-305
-303
-303
-311
-303
-304
-305
-297
-320
-330
-345
-340
-351
-361
-364
-381
-391
-397
-398
-392
-392
-389
-399
-405
-407
-410
-412
-421
-423
-421
-431
-436
-439
-433
-429
-432
-428
-431
-427
-422
-408
-389
-379
-365
-354
-322
-306
-282
-266
-243
-228
-202
-195
-192
-182
-160
-145
-150
-148
-133
-121
-119
-97
-57
-29
9
65
144
225
314
401
486
538
589
642
676
698
720
737
761
800
843
890
927
938
944
955
950
927
899
888
871
887
897
905
892
877
863
841
782
719
651
571
519
469
433
351
279
227
175
116
53
-15
-72
-119
-150
-159
-150
-171
-193
-212
-221
-257
-311
-365
-400
-427
-451
-466
-468
-471
-453
-431
-405
-383
-356
-350
-320
-288
-255
-231
-193
-155
-120
-91
-50
-26
-4
25
70
129
166
207
259
307
370
416
466
517
562
587
621
666
698
714
744
767
785
787
792
786
773
758
741
730
705
682
670
666
642
630
613
594
553
518
475
445
388
343
307
263
218
166
141
89
45
13
-8
-30
-54
-65
-75

