83
-18
-15
0
105
98
132
211
166
124
101
132
113
3
-67
-83
-98
-132
-139
-83
-158
-150
-150
-79
-135
-166
-181
-113
-207
-203
-249
-203
-184
-113
-192
-109
-132
7
-105
-188
-124
-52
-184
-256
-241
-128
-207
-192
-86
-30
-45
-56
120
98
7
37
52
-7
-3
-71
18
-30
79
-49
-37
49
200
30
86
98
113
203
200
207
177
147
241
200
83
64
90
98
132
98
30
83
173
166
90
158
120
79
98
298
132
94
18
7
79
-3
-26
-37
41
-22
-45
-26
-49
-30
-45
-109
15
49
49
-33
-7
60
3
33
15
79
37
-60
-26
0
22
-49
-98
-56
33
-11
56
52
15
45
162
116
64
30
116
11
86
30
135
-33
-33
67
18
-3
-30
-7
56
0
3
22
3
105
64
105
49
56
41
120
3
-52
-41
7
-52
-132
-139
15
22
-75
-56
15
56
18
-22
86
3
49
-67
0
-45
-101
-109
-52
-105
-162
-135
18
30
-26
-52
-56
-33
-75
-22
-26
-45
-113
-49
-86
-60
-113
-37
-30
52
-75
-75
-37
-64
-60
-143
-49
-135
-86
-71
-30
-60
-41
-11
-45
-79
-49
3
-60
-105
-90
-143
-124
-173
-158
-33
-139
-173
-147
-75
-49
-120
-120
-52
-52
-124
-90
-139
-124
-166
-169
-158
-230
-218
-90
-181
-196
-177
-98
-90
-192
-196
-105
-60
-154
-218
-256
-101
-116
-207
-245
-158
-135
-218
-252
-203
0
71
135
267
516
698
554
460
426
294
158
-33
-184
-260
-98
-203
-75
207
328
456
539
690
920
709
573
377
320
90
-105
-173
-188
-18
-113
-7
196
218
218
215
275
203
90
11
90
86
-105
-147
-64
-207
-237
-233
-184
-158
-67
-83
-60
18
-128
-196
-249
-226
-294
-222
-283
-196
-147
-86
-71
22
-26
-98
-143
-132
-135
-252
-267
-226
-203
-211
-139
-60
56
116
124
67
135
94
-60
-71
-22
11
-45
-22
-30
79
154
52
41
83
90
143
132
275
181
203
135
166
143
124
56
101
113
101
218
139
56
75
211
79
64
37
109
200
124
60
105
218
211
41
41
109
-3
-113
-105
7
-75
-154
-52
-71
-30
-49
128
75
86
86
86
-7
-11
-18
90
-60
-22
45
-3
-139
-56
64
-60
-83
26
79
52
22
124
128
37
45
188
45
26
18
105
22
33
64
3
56
30
-11
-67
-18
-11
-26
-52
52
150
37
52
120
147
26
94
101
-15
-86
-56
3
-94
-184
-86
-67
0
-90
-11
67
116
-45
0
169
7
-71
-75
113
-101
-139
-147
-98
-192
-173
3
-22
-75
-11
90
-15
-45
-83
49
-37
-135
-147
-94
-116
-41
-86
3
-83
-30
26
-41
-71
-113
30
-90
-116
-162
-37
-109
-128
-79
26
-64
-71
-7
94
-79
-132
-33
-45
-120
-181
-71
-192
-139
-143
-158
-116
-132
-49
-22
-94
-116
3
-22
-116
-173
-135
-124
-215
-211
-86
-203
-188
-184
-132
-196
-173
-120
-83
-162
-162
-177
-86
-22
-196
-207
-139
-109
-188
-203
-147
-237
-260
-222
-188
-113
-33
98
298
388
603
739
622
415
294
222
113
-139
-301
-207
-252
-67
-22
233
384
532
637
777
1000
637
483
388
196
-7
-173
-181
-237
-94
-49
94
260
207
207
286
305
105
30
7
22
18
-116
-181
-132
-222
-211
-196
-150
-98
-120
-45
-71
-22
-128
-237
-230
-226
-301
-233
-218
-162
-162
-37
3
-79
-41
-98
-67
-154
-264
-196
-218
-230
-260
-101
-49
-22
41
139
154
41
45
45
-30
-101
-30
67
7
0
22
158
71
18
11
158
177
71
132
188
233
162
215
139
98
67
132
158
173
169
147
154
169
120
83
-11
22
83
52
30
33
169
132
181
105
105
158
45
52
-71
-109
-71
-135
-215
-132
3
-120
-37
86
94
101
139
67
113
41
56
-11
22
-71
-33
-37
-18
-98
0
3
22
52
116
67
83
64
105
26
71
98
67
3
64
113
124
75
26
22
135
-33
-71
-26
-60
-52
-11
-45
105
22
7
143
241
98
109
101
71
3
-60
-128
-90
-162
-113
-132
-109
-94
101
0
18
18
113
86
79
-41
11
-52
-83
-166
-120
-98
-139
-173
-132
-22
49
-49
-49
64
56
-45
-116
-120
-33
-105
-196
-143
22
-18
-41
-49
-15
11
-71
-15
-37
-41
-181
-162
-79
-94
-113
-116
-86
0
-67
26
0
45
0
-60
-90
-71
-169
-184
-60
-173
-173
-215
-75
-203
-86
-79
3
-101
-86
41
-71
-135
-162
-64
-211
-241
-132
-128
-230
-211
-184
-75
-181
-184
-132
-166
-166
-222
-196
-60
-150
-188
-147
-169
-75
-226
-154
-143
-226
-275
-150
-75
0
79
294
460
603
569
584
422
286
139
83
-169
-203
-264
-45
-37
132
245
377
600
716
769
705
626
501
279
139
0
-143
-233
-173
41
30
94
169
241
313
245
162
162
116
98
0
-52
-143
-139
-147
-196
-245
-200
-139
-128
-64
-15
-64
-162
-124
-139
-207
-267
-298
-143
-241
-173
-184
-22
-94
-101
-147
-75
-135
-169
-147
-158
-298
-271
-71
-90
-90
-45
83
154
60
11
-7
41
0
-98
-18
86
7
11
37
109
30
37
124
128
79
181
237
132
139
124
207
181
60
41
83
222
203
139
132
177
139
132
7
3
120
116
33
41
116
252
116
101
166
139
79
60
-30
-41
-105
-124
-169
-49
-94
-26
37
41
26
18
94
169
18
11
52
60
-3
0
22
-3
-94
-90
22
-26
-60
-15
196
22
56
135
109
18
45
64
60
3
90
109
116
11
67
154
56
-56
-75
-3
26
-94
-90
-60
143
64
22
124
188
83
26
75
86
3
-52
-15
-45
-150
-132
-101
-3
-139
-26
26
-7
-15
67
-7
49
67
52
-86
-139
-83
-22
-150
-181
-188
-11
-37
-60
-37
52
-37
-26
33
-94
-116
-33
-56
-124
-124
-90
-11
-67
-67
-41
7
-11
-11
-30
-60
-128
-75
-150
-67
-154
7
-98
-98
-86
-56
49
-3
7
-41
-49
-75
-109
-67
-150
-37
-184
-188
-203
-113
-105
-143
-98
-30
-67
-105
-49
3
-124
-105
-143
-124
-222
-249
-188
-90
-181
-196
-181
-150
-105
-200
-188
-116
-101
-230
-188
-128
-147
-154
-211
-139
-196
-132
-230
-211
-158
-124
-184
-60
128
260
339
498
667
596
415
347
200
60
-67
-181
-181
-237
11
49
173
400
573
679
698
781
671
513
343
139
11
-135
-128
-184
-71
-3
52
150
237
252
316
237
147
79
98
41
-79
-109
-120
-132
-207
-241
-188
-184
-166
-56
-52
-83
-3
-124
-124
-200
-230
-256
-260
-203
-222
-196
-109
-98
-30
-113
-98
-113
-150
-94
-222
-241
-233
-207
-150
-105
-86
-18
98
192
45
11
128
-41
-60
-90
-7
56
-22
-7
83
94
60
113
105
150
98
105
173
241
120
90
147
90
86
41
158
132
169
252
207
173
71
79
30
18
52
18
64
79
162
143
79
116
260
211
94
-18
-83
-60
-37
-200
-184
-128
-86
-71
-11
154
67
124
67
105
94
90
-11
49
33
-79
-67
-56
-37
-60
-15
-3
86
30
71
132
60
116
30
60
11
71
45
64
94
56
101
64
143
11
26
3
3
-71
-109
-49
22
-26
30
120
101
94
109
154
45
79
41
26
-101
-132
-79
-86
-128
-143
-101
83
-33
-15
3
154
-3
-26
52
79
-79
-98
-83
-181
-162
-83
-79
-90
-120
7
-45
33
-33
33
-64
-75
-98
-45
-120
-113
-109
-64
-3
-30
-26
-11
-37
56
-49
-52
-41
-83
-132
-147
-158
-90
-52
-11
-101
-67
37
22
-83
-75
124
-90
-109
-139
-56
-109
-158
-192
-30
-162
-135
-162
-124
-79
-105
-15
-56
-71
-154
-64
-132
-83
-181
-230
-237
-124
-173
-139
-196
-135
-132
-147
-207
-173
-150
-218
-113
-154
-143
-109
-207
-230
-184
-75
-207
-264
-169
-128
-94
-71
67
181
309
332
324
347
411
203
203
305
86
-86
-98
75
90
33
98
286
467
384
509
667
524
392
324
301
283
67
-26
-26
-49
-11
98
173
101
143
256
124
128
166
113
49
-15
-22
-75
-184
-249
-143
-90
-184
-128
-150
-15
-143
-94
-94
-120
-200
-215
-184
-116
-222
-271
-230
3
-154
-184
-181
-41
-154
-98
-184
-177
-200
-173
-188
-75
-124
-49
-75
101
30
0
-22
52
15
-56
-37
41
49
-71
33
45
120
11
75
45
143
132
298
124
120
184
196
86
94
139
128
94
67
135
94
200
230
98
0
60
154
101
45
22
169
150
83
56
120
196
33
3
64
139
-90
-120
-30
-33
-116
-120
-7
-26
-3
26
52
109
56
64
101
45
26
60
3
-71
33
-45
-67
-71
3
67
22
79
124
143
71
11
109
-3
75
7
86
90
33
49
98
60
15
33
64
-7
11
3
-26
15
56
30
-7
71
3
94
135
33
-3
116
83
7
-49
-90
-98
-64
-22
-101
0
-79
-67
86
26
-26
-15
75
7
-79
-128
15
-56
-184
-128
-64
-124
-52
-64
-18
-49
-26
-22
-64
-15
-52
-143
-128
-52
-18
-83
-116
-60
-45
-30
-83
-15
-56
-45
-94
-33
-41
-83
-75
-3
-128
-128
-18
-33
-98
-90
60
-33
-101
-113
37
11
-124
-124
-105
-30
-139
-101
-184
-128
-143
-101
-120
-67
-83
-86
-109
-124
-45
-181
-124
-67
-177
-200
-192
-41
-256
-207
-105
-109
-203
-245
-173
-109
-139
-233
-143
-135
-218
-128
-158
-143
-147
-173
-147
-98
-139
-71
3
173
143
241
313
233
90
113
166
90
-71
52
177
83
192
313
283
418
377
449
377
298
366
260
120
173
139
113
94
196
237
196
226
249
332
120
83
147
128
-37
-45
101
79
-18
-52
45
-83
-158
-135
-26
-30
-98
-116
-98
-30
-150
-233
-264
-166
-101
-211
-150
-139
-37
-135
-109
-79
-237
-252
-207
-67
-226
-283
-226
-33
-105
-162
-79
18
33
-60
11
-18
-41
-158
-75
-37
-18
-52
-7
75
-11
105
132
22
0
41
139
113
113
181
113
113
132
98
37
71
135
120
116
116
177
128
90
158
196
60
11
90
173
98
45
52
233
113
98
52
71
67
41
30
41
-109
-3
45
60
-26
-7
71
-18
-30
22
45
-37
-37
64
71
-7
15
86
-3
-33
-7
147
-56
-86
-3
173
0
49
71
75
-7
71
116
3
33
79
60
11
90
101
26
22
79
56
75
11
11
-67
-41
135
101
-11
41
139
45
-15
-22
116
0
-67
-60
105
-26
-79
-3
30
22
-52
-56
64
-7
-56
-64
83
-3
-56
-56
-71
-26
-132
-124
-26
-56
-139
-56
11
11
-52
3
-18
-79
-79
-49
-113
-109
-135
-45
-98
-75
-86
79
-71
-75
-56
67
-109
-98
-56
-30
-98
-128
-15
-49
-83
-128
-41
52
-52
-113
-101
-26
-33
-45
-113
-45
-60
-139
-109
11
-56
-173
-120
-33
-90
-139
-60
-101
-158
-162
-143
-60
-132
-184
-150
-52
-132
-173
-162
-86
-177
-147
-109
-181
-162
-188
-233
-147
-230
-192
-143
-154
-252
-169
-162
-184
-109
-120
-49
-109
-52
158
150
56
30
109
192
94
79
41
11
-143
-109
86
154
83
196
362
464
486
464
554
418
286
237
222
26
-30
-30
71
45
79
166
313
305
324
441
286
203
177
113
-3
-52
41
-101
-98
-75
-41
-75
26
79
-56
-132
-56
7
-113
-120
-135
-71
-192
-177
-166
-132
-196
-154
-128
-90
-150
-75
-132
-184
-173
-218
-249
-188
-222
-215
-128
-30
-26
-41
49
-37
30
-26
-64
-49
-86
-135
-45
-90
-86
-49
86
113
52
41
139
203
26
22
143
116
45
64
86
98
128
154
33
75
177
116
75
98
264
101
41
90
286
75
56
41
215
79
105
71
98
26
67
56
-18
-56
15
94
-49
11
120
33
15
64
154
18
-3
-7
0
-33
-30
-60
-30
3
79
-37
33
41
101
18
67
86
3
52
0
37
56
113
26
41
75
30
-7
60
49
113
7
7
79
33
-45
3
177
33
-18
22
75
41
11
135
56
-22
33
147
-64
-90
-7
-3
-45
-15
-105
-3
52
11
-30
64
22
52
-41
-60
7
3
-83
-98
-83
-113
-90
-109
-86
-116
-26
90
-79
-49
-11
-64
-22
-90
-37
-52
-86
-147
-67
-86
-71
-98
-49
-26
-7
15
-30
-120
-83
33
-45
-101
-120
-79
-56
-75
-56
-18
-37
-60
-60
37
-71
-60
-49
-83
-37
-124
-162
-116
-33
-56
-109
-71
-41
-11
-113
-132
-56
22
-132
-147
-116
-150
-150
-166
-203
-113
-158
-86
-147
-116
-71
-124
-166
-192
-166
-116
-192
-271
-200
-124
-218
-218
-101
-196
-200
-120
-3
-37
75
135
79
56
-18
-41
3
37
-52