-351
-357
-375
-398
-413
-426
-430
-453
-483
-496
-507
-508
-520
-522
-524
-529
-539
-537
-541
-556
-566
-564
-562
-565
-572
-555
-549
-566
-574
-574
-566
-575
-579
-568
-561
-559
-553
-539
-525
-504
-513
-511
-511
-501
-509
-518
-516
-497
-499
-496
-491
-482
-474
-469
-469
-472
-464
-465
-473
-469
-465
-466
-459
-469
-469
-484
-496
-483
-485
-492
-501
-508
-499
-494
-502
-511
-513
-516
-537
-541
-539
-539
-553
-563
-555
-520
-491
-458
-433
-411
-403
-392
-366
-346
-342
-328
-300
-271
-230
-197
-165
-144
-156
-157
-141
-116
-96
-73
-56
-16
52
130
210
259
268
272
285
288
283
256
256
272
320
401
485
539
578
608
627
644
658
651
661
657
690
729
808
830
851
850
850
851
871
858
853
854
889
901
937
976
998
973
950
937
922
894
857
834
804
795
798
803
800
790
777
761
742
726
702
660
617
604
572
544
505
468
429
405
376
365
344
313
282
252
236
209
173
136
130
103
82
66
55
28
-17
-49
-78
-126
-163
-182
-196
-193
-182
-166
-157
-155
-157
-177
-216
-261
-282
-315
-332
-339
-316
-301
-272
-251
-239
-240
-223
-210
-214
-215
-208
-184
-170
-148
-129
-96
-87
-87
-88
-78
-72
-70
-54
-28
0
34
67
92
118
133
141
160
152
167
171
193
207
218
243
267
269
285
306
327
326
343
362
383
390
382
391
381
374
352
346
342
355
360
371
375
386
386
383
363
343
340
321
298
281
270
265
243
222
194
173
163
128
97
84
73
47
27
24
9
-14
-40
-56
-78
-117
-156
-175
-197
-215
-239
-264
-285
-295
-303
-322
-331
-356
-371
-393
-408
-415
-434
-446
-472
-492
-510
-521
-524
-524
-538
-538
-536
-552
-560
-559
-561
-565
-575
-578
-557
-556
-562
-570
-581
-577
-584
-589
-598
-595
-584
-573
-563
-548
-541
-523
-524
-517
-513
-524
-520
-509
-517
-510
-509
-486
-482
-488
-486
-466
-479
-481
-489
-483
-471
-465
-475
-480
-467
-485
-487
-496
-489
-497
-504
-516
-504
-509
-514
-515
-506
-518
-520
-529
-529
-535
-541
-540
-549
-374
-374
-355
-349
-321
-297
-268
-269
-267
-260
-238
-222
-219
-228
-213
-182
-146
-118
-99
-96
-108
-104
-84
-54
-51
-50
-32
-7
40
104
162
191
186
187
201
204
198
177
167
181
222
280
326
359
387
406
427
438
439
449
431
441
466
504
547
559
568
563
575
578
575
567
563
561
573
609
636
656
650
644
637
637
624
599
582
554
536
536
548
546
548
524
517
507
507
491
469
432
404
382
375
356
326
301
273
252
241
225
211
201
189
172
166
152
120
99
78
68
56
44
24
-6
-28
-46
-58
-77
-103
-128
-146
-143
-122
-91
-98
-117
-136
-147
-157
-172
-191
-205
-227
-226
-202
-174
-162
-162
-164
-153
-151
-148
-144
-138
-135
-128
-110
-85
-67
-66
-71
-62
-48
-34
-32
-33
-25
-9
31
53
72
87
86
90
98
100
103
107
117
133
149
163
183
184
180
183
202
217
231
251
260
266
268
277
276
267
253
239
244
247
241
247
259
271
264
259
249
244
225
215
206
187
176
165
163
155

