-96
-197
-216
-100
-120
-293
-245
-19
-91
-28
24
144
-76
-399
-423
-317
-254
-471
-581
-312
-187
-72
139
91
120
4
-9
-201
-298
-437
-432
-471
-360
-230
-192
-187
-125
19
96
-168
-120
96
149
-120
-302
-177
-283
-288
-307
-211
-360
-278
24
100
187
187
19
-19
86
-48
-355
-355
144
235
129
-57
134
52
-14
-153
-91
-278
-125
240
259
235
264
375
384
379
43
-168
-163
-201
-43
177
72
264
221
355
100
177
144
274
173
168
269
355
317
240
211
43
-115
-129
-81
62
177
163
403
451
442
322
192
274
96
52
-4
14
-9
38
307
149
0
-57
173
211
173
110
149
115
370
105
-24
-4
245
14
-48
-48
-91
38
52
-33
-201
62
81
48
134
182
240
86
4
158
-120
-235
-250
-177
-346
-240
-9
173
105
91
139
283
14
-96
-91
33
-144
-173
-100
48
-139
-129
-4
-115
-139
-144
-67
43
211
153
4
91
57
57
-120
-52
-225
-149
-153
24
-72
-110
43
298
52
-33
-28
278
-48
-86
19
211
-28
-96
-43
120
-43
-91
-28
38
-4
-24
110
216
91
43
144
201
43
-38
14
-144
-105
-67
-28
-115
57
250
67
38
43
245
43
-28
-96
76
-72
-120
-72
28
-91
-9
-28
-115
-100
28
28
-62
-9
48
-62
-62
-28
-211
-211
-62
-177
-283
-240
-38
-76
-158
-105
-158
-153
-221
-211
-96
-28
115
28
-81
-264
-350
-331
-293
-307
-543
-475
-240
14
149
72
52
-57
33
-173
-235
-399
-485
-427
-312
-278
-149
-168
-52
-115
48
-206
-120
-134
-134
-230
-168
115
86
86
-72
-298
-399
-423
-250
-264
-456
-370
38
293
240
264
254
62
33
105
269
-158
-427
-432
-105
-24
-192
-177
-62
110
153
302
331
350
370
370
283
19
-91
-125
-48
-221
-240
48
67
158
221
336
350
278
312
346
149
225
192
317
149
96
4
-86
105
57
14
57
250
259
307
384
269
197
250
259
302
153
125
216
38
115
-33
-100
-100
-14
-38
28
216
288
451
548
509
192
33
-24
-19
-197
-283
-153
-182
-4
-38
105
173
197
187
96
240
144
38
134
-19
81
-139
-274
-293
-201
-129
-225
-187
24
259
149
91
206
240
105
-72
-134
-28
-96
-250
-283
-182
-144
-134
-4
-81
0
48
81
72
72
187
149
-14
9
-24
-158
-278
-139
-125
-177
-225
43
4
96
28
134
177
230
134
110
-91
-86
-72
-158
-134
-206
43
-177
14
120
187
72
72
197
250
120
72
67
-9
-110
-81
-120
-52
-139
-182
-9
129
177
125
274
129
110
91
-52
-52
14
-158
-149
-100
-67
-96
48
-52
4
-24
-9
-67
-67
57
-86
24
0
-28
-144
-163
-211
-293
-187
-177
-221
-206
-14
-52
-96
-81
-4
144
-14
72
-144
-326
-379
-322
-149
-500
-548
-379
-14
76
4
100
105
76
-38
-144
-350
-298
-413
-293
-350
-312
-187
-149
-163
-57
-9
-201
-192
-144
100
-201
-187
-134
-240
-211
-76
-259
-187
163
105
-33
-298
-293
-201
-168
-288
-370
-375
-182
81
360
649
495
322
163
-48
-365
-413
-581
-711
-500
-163
43
341
538
1000
480
250
211
250
-216
-350
-269
-254
-240
57
264
317
125
76
293
264
278
230
221
269
259
158
129
-110
120
149
28
-81
43
139
322
331
384
211
67
91
168
192
100
274
355
254
153
163
125
-33
-62
81
-163
-105
19
326
235
375
298
355
245
307
158
-72
-96
-115
-211
-187
-192
-129
62
163
168
197
341
322
197
57
105
-177
-230
-235
-144
-134
-201
-201
-48
230
48
96
221
182
14
-67
-91
19
4
-105
-139
-19
-139
-144
-100
-28
-33
-38
-48
19
52
115
-67
-52
105
9
48
-120
33
-144
-240
-192
48
-48
-86
-62
43
96
9
110
153
91
4
-38
62
-24
-173
-173
-100
-72
-4
-33
-52
-38
221
173
115
110
201
197
-24
-57
24
-163
-230
-100
-38
-96
14
144
115
158
230
144
9
48
-38
-52
-100
-129
-48
-62
72
-14
-86
-48
-52
62
-125
-129
4
100
-28
-67
-76
0
-115
-182
-221
-149
-336
-163
-206
-67
-134
-91
38
163
91
33
-76
-216
-254
-341
-230
-240
-466
-451
-211
0
168
-4
-24
-43
52
-81
-187
-307
-129
-346
-350
-298
-96
-197
-163
-134
-134
-177
-110
-76
-48
-57
-120
-206
-173
-187
-144
-322
-283
-153
-264
-216
-177
192
-28
52
206
9
-413
-466
-216
-43
-240
-221
139
346
298
192
14
-38
-110
-240
-528
-423
-230
-91
115
408
399
490
379
394
-24
-173
-326
-197
-269
-91
-24
192
254
221
302
403
206
100
240
144
57
67
197
149
100
72
96
-86
-33
197
293
230
293
365
201
197
211
67
158
67
177
110
67
91
221
182
158
-24
134
86
211
57
197
201
307
182
134
-4
38
125
76
52
57
72
-24
-52
105
14
81
-52
48
177
259
278
129
81
0
-28
-115
-350
-389
-187
139
9
153
269
302
201
120
-4
-149
-211
-211
-149
-197
-76
57
19
28
139
96
-96
-38
19
-168
-158
19
24
134
14
33
-57
-33
-225
-62
-19
4
-139
-76
-81
163
81
-14
-4
144
-72
-81
24
-96
-110
-38
-91
177
-48
-14
-43
33
-105
24
91
144
-4
38
182
33
52
-91
48
-153
-91
-125
91
-81
91
110
278
62
9
192
-100
-52
24
-52
-139
-115
149
-62
-48
9
38
4
-9
-24
-139
-110
19
-43
-76
105
-52
-197
-206
-57
-125
-245
-144
-110
-120
-129
86
9
134
67
57
-129
-326
-283
-216
-163
-432
-485
-259
43
28
33
96
81
-52
-115
-134
-149
-235
-278
-322
-312
-245
-67
-48
-144
-182
-67
-216
-216
9
62
-144
-197
-43
-28
-201
-173
-264
-230
-293
-158
-245
-177
-48
-86
-187
-57
-4
-197
-43
177
254
-120
-216
134
144
-100
-524
-413
-365
-168
-43
-24
-120
129
519
418
336
86
28
-48
-86
-225
-230
-264
-173
48
125
33
235
177
129
91
360
317
173
86
240
192
-4
-105
-19
86
76
-105
-62
225
312
250
312
326
153
177
278
173
81
24
120
423
48
-67
-19
264
-9
-115
0
245
269
302
423
274
269
298
216
-28
-81
28
-163
-91
-81
120
91
81
100
216
264
177
221
192
52
57
144
-110
-168
-48
-38
-86
-259
-38
153
52
76
115
278
96
91
163
0
-91
-86
-14
-168
-211
-52
-19
-120
-52
-24
43
139
105
9
62
72
57
4
-24
-38
-96
-225
-67
-14
-206
-105
-100
81
-72
86
105
149
81
-9
-19
134
-134
-62
-177
-177
-72
4
-125
-19
19
-62
-33
67
274
96
-9
115
125
-4
-72
-4
-76
-216
-235
-52
43
-19
100
149
120
120
149
149
72
4
-144
-221
-125
81
-144
-120
86
105
-67
-72
153
72
-100
-96
86
-28
-91
72
-4
-100
-187
-235
-120
-153
-235
-81
-86
-168
-81
72
76
-100
48
129
14
-105
-254
-298
-269
-225
-341
-403
-302
-153
52
187
100
0
86
125
14
-288
-413
-307
-307
-432
-365
-76
-62
-115
-28
14
38
-33
-48
-125
-158
-9
-216
-211
-221
-168
-201
-211
-235
-153
-182
-158
-139
-139
-96
-62
-115
-235
-264
-14
125
283
360
259
0
-389
-413
-384
-269
-649
-620
-480
-14
591
552
562
605
543
221
-120
-403
-274
-591
-557
-360
-38
33
240
538
331
129
173
379
254
96
33
153
28
0
-38
62
129
-230
-187
100
254
177
293
423
326
235
182
129
38
67
346
158
57
86
144
81
-9
0
-14
72
33
187
197
379
475
475
250
158
105
-57
-86
-91
57
-158
-153
-28
9
100
72
298
360
355
322
317
259
9
-125
-125
-312
-389
-360
-153
19
48
125
326
509
259
105
149
-52
-153
-221
-153
4
-139
19
-57
-19
-43
0
-139
-105
72
67
-48
96
278
201
120
24
-120
-216
-283
-225
-182
-52
-144
96
4
43
62
96
139
48
-76
0
-72
86
-62
-158
-158
-96
-48
-149
-120
-19
62
-81
0
254
158
86
48
192
144
-96
-230
-163
-153
-264
-230
33
110
-4
110
298
326
120
4
-110
105
-120
-67
-100
-115
-115
-91
9
14
9
33
19
4
-48
19
28
62
-19
33
-110
-67
-187
-100
-192
-211
-298
-100
-24
-120
28
-14
19
110
149
96
33
-100
-326
-293
-312
-269
-461
-375
-331
48
187
57
38
187
288
33
-173
-274
-307
-288
-447
-283
-197
-254
-105
-24
-57
-91
9
43
-91
24
-91
-149
-216
-192
-105
-250
-288
-206
-168
-225
-149
-211
-52
-125
-62
-144
-91
-153
-120
100
278
149
-76
-288
-216
-187
-144
-235
-221
-302
-177
-4
28
129
192
96
-100
-9
221
182
14
-125
-24
-14
-81
-192
-86
-149
-240
-43
100
230
312
548
341
206
144
96
4
-100
-259
-125
-81
19
43
346
389
259
139
192
216
72
72
245
293
125
105
182
125
-19
-33
28
216
-14
48
110
442
302
307
139
230
235
129
43
9
24
134
67
-24
-24
125
163
43
-9
19
298
125
259
67
158
187
76
-110
14
43
-125
-173
-28
9
-19
0
110
250
129
100
125
230
-9
28
-86
-240
-245
-110
57
-57
-62
81
81
-9
-52
120
129
81
24
14
-43
-100
-105
48
-115
-211
-81
-72
-81
14
57
81
76
134
0
-67
-9
-52
-86
-149
-48
-76
-86
-91
72
28
-4
-4
-52
33
201
-38
-33
24
24
28
48
-76
-125
-100
-52
-100
-38
187
43
4
14
153
-9
120
9
-62
-96
38
-67
-24
33
-81
-86
4
67
-125
-144
33
96
-38
-4
144
-72
-110
-48
72
-153
-192
-139
-216
-187
-129
48
-125
-105
-72
38
-43
67
76
-14
-163
19
-346
-322
-163
-225
-399
-355
-216
9
149
278
91
38
-19
-48
-96
-302
-447
-360
-245
-312
-225
-129
158
-105
-52
33
-52
-182
-81
33
-76
-230
-206
-48
-144
-192
-264
-158
-298
-211
-105
-177
-48
-81
110
-76
-144
24
120
245
-158
-336
-240
-139
-375
-408
-235
-278
-24
427
509
375
24
-62
38
24
-442
-605
-350
-38
134
192
293
375
168
67
-52
-144
-134
-134
-254
-4
302
475
360
355
206
-110
-211
-105
-110
-110
28
240
221
298
375
370
96
-24
187
91
96
57
43
293
264
144
-43
-72
52
81
62
125
322
350
336
336
418
182
9
-120
-19
-76
-168
-4
173
187
91
235
293
235
173
221
225
4
-72
-72
120
-52
-33
-187
38
96
240
96
100
264
57
-33
-24
43
-72
-43
14
192
38
-19
4
100
-96
-230
-120
-52
-43
9
134
153
245
76
33
91
-72
-168
-149
-240
-274
-91
76
-33
-72
28
245
86
0
0
158
-24
-129
-105
-9
-62
-197
-201
4
-110
-105
-76
240
139
105
48
-38
48
33
-4
-105
-9
-187
-100
-168
4
9
24
43
57
129
48
91
91
24
-4
-76
-86
-91
-43
-62
-67
43
91
38
4
-19
38
-96
-139
24
144
-76
-86
4
19
-81
-173
19
-14
-120
-153
-43
-129
-153
-24
9
9
-120
-129
-67
-134
4
-62
19
168
4
-254
-326
-221
-110
-341
-307
-322
-254
24
336
173
43
33
62
-48
-230
-389
-384
-293
-278
-245
-149
0
105
48
-43
-43
-192
-153
-43
-153
-197
-100
-86
-168
-173
-62
-153
-384
-259
-110
-115
-153
9
9
91
211
120
57
-177
-221
-274
-254
-317
-399
-418
-100
48
48
134
283
201
182
201
173
-139
-370
-211
-230
-192
-230
-163
-110
96
125
115
250
240
307
14
67
4
0
-14
33
81
-62
-96
211
24
96
48
125
52
269
163
100
57
240
437
177
100
158
100
19
-43
-33
283
9
14
91
173
163
115
250
158
408
298
230
149
307
28
-52
-100
0
-173
-158
-19
197
168
173
403
447
355
173
302
76
-96
-168
-115
-105
-197
-110
9
177
125
149
192
173
269
100
38
62
48
-48
-14
-197
-115
-24
-57
-96
-48
-24
43
139
115
33
76
230
57
24
115
76
-187
-163
-149
-105
-235
-216
14
9
-76
38
225
259
182
76
38
24
-86
-149
-225
-216
-149
-139
-153
-28
14
-67
72
129
259
62
105
182
9
-149
-153
-81
-201
-149
-120
-158
-9
48
129
52
28
240
129
28
67
-24
-14
-125
-48
-81
-129
-163
-33
-48
-4
-62
33
129
173
120
-19
52
-4
0
-177
-187
-168
19
-173
-158
-125
72
0
-62
-91
4
-91
-57
-129
-139
43
-67
14
72
105
-19
-302
-447
-230
-24
-293
-427
-139
-91
52
216
235
110
125
-24
-173
-283
-370
-274
-317
-302
-211
-14
-96
14
62
76