-281
-260
-453
-432
-380
-255
-427
-463
-489
-354
-270
-338
-359
-192
-260
-177
-192
-104
31
177
62
135
213
510
250
312
411
625
494
541
609
822
651
687
697
755
744
609
557
609
453
489
489
447
317
286
244
296
130
62
-20
5
-130
-286
-338
-401
-223
-369
-354
-468
-468
-369
-322
-447
-484
-437
-494
-385
-447
-333
-375
-317
-307
-255
-93
-151
-109
-104
-67
-62
-67
-88
140
-31
83
36
119
36
52
119
130
83
72
62
145
31
0
-5
88
-31
109
83
62
26
10
171
57
57
15
140
151
125
57
244
125
98
302
223
213
156
171
369
234
140
291
203
166
26
166
166
62
-15
67
98
-41
-88
10
-177
-223
-255
-78
-250
-364
-343
-156
-182
-333
-187
-177
-223
-208
-171
-192
-166
-88
-5
-52
-36
31
140
67
239
338
213
255
328
385
348
250
359
505
312
291
354
416
265
218
203
270
223
104
88
104
-20
-26
-119
-15
-171
-93
-208
-52
-239
-187
-281
-239
-307
-109
-234
-276
-276
-187
-114
-229
-239
-5
-41
-104
-119
-62
52
20
-93
-46
26
208
-62
-15
244
93
15
114
156
10
-15
62
72
72
-83
57
5
62
-83
0
-31
41
-145
-52
-78
36
-145
-135
-46
-125
-156
-72
-83
-20
-52
-83
-166
-31
36
-20
-135
-98
109
-88
-83
31
78
-114
-98
98
72
-62
-72
15
-83
-88
-114
-98
-72
-72
-177
-78
-135
-239
-208
-250
-239
-234
-322
-250
-302
-354
-411
-333
-416
-380
-385
-322
-411
-453
-432
-354
-369
-369
-125
-244
-276
-197
0
15
52
151
151
156
322
406
380
380
458
645
692
598
635
734
703
640
765
828
572
562
572
703
421
380
328
500
380
192
145
239
78
-52
-130
-151
-114
-354
-416
-395
-187
-421
-468
-437
-354
-442
-437
-536
-390
-473
-427
-510
-281
-322
-338
-338
-171
-156
-156
-72
-114
-93
-15
57
-62
-41
-36
151
26
125
15
140
52
119
62
260
98
-5
-15
10
151
15
15
15
10
98
93
125
36
46
114
98
72
151
145
104
62
182
239
203
203
187
213
312
317
182
166
171
291
151
72
57
197
98
5
-26
130
-62
-20
-171
-114
-93
-166
-312
-312
-114
-203
-322
-239
-260
-229
-187
-130
-223
-208
-218
-36
-119
-20
-10
0
5
161
291
125
140
348
317
244
307
442
364
312
348
317
359
385
380
234
208
270
203
177
208
46
-41
-52
192
-109
-135
-140
-62
-223
-265
-187
-98
-239
-270
-270
-119
-250
-281
-104
-250
-213
-218
-119
-109
-41
-140
-36
-72
46
-5
-57
-57
67
166
-26
52
57
218
36
57
98
109
-52
-36
171
88
41
15
-41
-46
-26
104
-57
-78
-83
-67
-5
-177
-78
-119
52
-171
-145
-5
-52
-78
-125
-151
-72
-125
72
-119
-72
15
-41
-104
-20
0
-36
-41
31
-20
-26
10
0
-67
-104
-41
-46
-57
-161
-135
-20
-197
-213
-171
-98
-276
-276
-213
-286
-380
-380
-296
-317
-343
-453
-453
-406
-437
-380
-463
-234
-401
-416
-369
-177
-296
-171
-114
5
-52
104
135
296
192
250
338
531
369
583
651
619
572
619
1000
734
671
718
656
598
526
614
598
406
380
432
354
250
270
250
135
5
-72
-52
-151
-270
-359
-369
-312
-432
-416
-421
-458
-463
-286
-510
-515
-411
-411
-515
-463
-364
-187
-385
-338
-98
-78
-166
-182
-20
67
-10
-93
-36
72
88
10
26
135
46
187
88
41
46
192
62
67
5
140
41
36
-10
-15
-31
156
26
83
20
197
88
72
104
114
213
67
109
197
234
114
140
380
244
161
286
260
250
109
104
286
197
0
10
197
135
-62
-36
-20
26
-197
-109
-114
-244
-291
-291
-223
-286
-192
-302
-229
-166
-166
-244
-255
-125
-36
-151
-114
-31
36
26
57
135
260
182
223
281
302
234
265
437
421
354
291
291
354
270
364
223
307
255
208
72
140
46
-10
-26
20
-20
-130
-239
-130
-104
-197
-250
-192
-223
-223
-317
-244
-145
-218
-187
-130
-156
-234
-223
-36
-88
-135
-62
46
-15
-83
-41
31
93
20
31
130
62
57
-15
161
36
78
78
98
15
31
36
-83
20
36
104
-62
-98
0
-52
-98
-57
-26
-98
-83
-109
-166
-145
-140
72
-109
-119
-20
-88
-93
-171
-140
41
31
-93
-41
-15
31
-46
-67
-52
36
-41
-62
-62
-10
-119
-10
-20
-57
-98
-145
-182
-182
-88
-213
-171
-234
-218
-281
-250
-302
-322
-286
-364
-416
-401
-421
-317
-354
-468
-515
-296
-369
-322
-364
-151
-223
-192
-213
83
0
151
145
291
187
270
385
359
489
604
609
645
760
630
671
703
875
666
572
708
718
500
432
473
406
291
265
395
197
187
-20
41
-41
-145
-276
-197
-291
-484
-500
-328
-291
-458
-473
-364
-432
-463
-510
-468
-531
-317
-369
-348
-421
-286
-57
-187
-156
-46
-41
-156
-98
166
-31
-57
15
130
-5
145
114
72
20
78
265
93
72
20
67
-26
72
93
-31
-15
98
98
-20
36
83
114
26
98
62
177
72
88
156
182
104
135
250
333
156
140
234
432
208
140
161
192
177
57
161
-5
114
125
-15
-72
-52
15
-208
-208
-177
-41
-338
-302
-244
-182
-296
-260
-161
-244
-223
-239
-93
-171
-213
-145
5
0
10
57
145
130
244
192
286
265
364
343
302
333
406
317
250
276
583
260
208
260
390
166
62
109
119
135
-20
-15
-135
-5
-151
-213
-67
-171
-265
-197
-151
-333
-291
-296
-78
-166
-276
-291
-20
-151
-182
-151
-10
-98
-98
-31
15
-36
-5
-20
-15
-26
156
104
36
31
234
78
46
41
5
130
20
0
5
93
-41
15
93
-41
-98
-26
36
-78
-46
-20
-109
-156
-140
-10
-57
-72
-125
-104
-36
-93
-98
-57
-83
-114
-52
-109
104
-88
-83
-26
-31
0
-98
-67
93
0
-78
-78
-41
-62
-41
-41
-72
-83
-145
-161
-145
-255
-88
-187
-291
-250
-166
-395
-291
-166
-348
-437
-427
-270
-364
-427
-411
-390
-432
-432
-307
-234
-333
-307
-140
-83
-135
-104
130
171
218
192
239
312
468
354
411
510
744
682
619
651
812
723
671
718
692
625
500
479
572
432
328
375
281
333
223
140
31
-41
-114
-151
-229
-197
-348
-468
-453
-307
-447
-458
-411
-317
-489
-479
-401
-515
-427
-484
-291
-296
-348
-270
-135
-151
-145
-46
-83
-104
41
10
-15
15
104
-5
0
93
203
78
36
114
234
78
52
57
52
93
15
26
57
5
-5
10
151
72
31
98
135
10
109
197
67
161
145
161
151
130
270
187
302
182
171
291
312
151
88
192
197
135
15
93
109
67
0
-31
-114
-135
-98
-244
-171
-197
-223
-239
-307
-265
-281
-119
-307
-213
-203
-109
-166
-156
-114
-125
-104
-46
145
41
57
250
296
197
197
239
343
437
348
322
406
463
302
291
270
375
260
359
151
218
140
151
62
-26
-31
93
-20
-192
-140
-114
-234
-265
-109
-135
-302
-302
-296
-171
-255
-260
-197
-109
-182
-250
-83
-119
-140
-36
-20
-46
-26
-109
72
67
15
-20
93
125
130
26
119
78
88
67
78
98
15
-46
83
0
-20
0
41
31
-62
-20
-119
-78
-36
-52
-98
-145
10
-109
-57
-140
-125
-93
83
-114
-125
-72
-26
-109
-78
-83
26
-57
-98
-83
119
-78
-52
5
-93
-15
31
26
-67
-88
-88
-98
-46
-98
-145
-145
-62
-208
-260
-156
-156
-281
-276
-218
-390
-406
-364
-192
-328
-447
-427
-427
-255
-427
-421
-354
-333
-265
-333
-322
-312
-31
-125
-15
36
140
140
187
197
354
411
421
395
598
468
671
666
739
671
708
734
682
640
572
708
541
510
395
468
354
375
208
187
182
114
-31
5
-140
-265
-302
-276
-343
-369
-343
-416
-458
-494
-416
-333
-520
-520
-369
-322
-484
-447
-270
-296
-338
-296
-114
-135
-208
-10
-46
-36
-88
135
15
-46
-5
93
98
10
88
156
145
20
119
72
213
5
-31
36
125
52
-26
26
88
57
36
72
135
0
130
182
125
52
62
223
187
83
93
364
250
177
182
302
218
192
213
135
213
151
83
182
31
-15
46
5
20
-114
-114
-151
-93
-192
-166
-270
-244
-307
-197
-270
-307
-286
-166
-161
-244
-270
-145
41
-130
-98
-78
114
-15
52
255
276
145
161
328
458
286
286
296
411
447
328
307
265
427
286
239
239
234
244
83
135
-15
62
-10
-20
-5
-166
-213
-135
-119
-291
-270
-145
-244
-203
-322
-229
-244
-213
-192
-119
-166
-161
-151
-130
-57
-114
10
-72
15
-41
31
57
5
-36
67
276
46
41
10
218
52
-5
57
135
-10
67
36
-26
-78
41
140
-62
-88
-52
46
-145
-140
26
-88
-88
-161
-145
-15
-67
-109
-98
-88
15
-88
-104
-26
-125
-10
-46
5
-93
-114
5
140
-98
-62
31
-83
-5
-52
-10
-20
-93
-135
-62
-41
-145
-151
-114
-218
-140
-192
-255
-208
-322
-312
-328
-250
-385
-385
-380
-317
-421
-411
-343
-307
-473
-458
-312
-177
-354
-333
-187
-140
-156
-46
26
83
88
218
270
234
338
359
520
515
593
500
567
750
671
770
651
697
640
645
614
588
447
494
432
463
286
213
276
213
78
20
-36
-20
-192
-296
-296
-223
-401
-390
-375
-500
-375
-447
-380
-411
-447
-468
-468
-375
-375
-343
-369
-208
-333
-276
-98
-98
-182
-125
104
-26
-36
-67
-36
135
46
-5
36
218
62
72
78
166
67
26
104
151
5
-26
41
93
98
-52
83
98
88
0
140
36
151
140
62
140
109
218
161
119
166
187
229
203
291
197
177
156
291
145
182
93
72
41
135
15
31
-57
26
-5
-192
-223
-98
-62
-255
-291
-302
-130
-348
-239
-166
-229
-291
-156
-46
-171
-234
-203
10
72
-57
31
57
203
114
213
218
312
234
348
338
406
255
333
354
468
276
213
338
317
270
161
140
239
156
62
-5
72
-88
-145
-93
-72
-197
-182
-135
-171
-281
-156
-197
-187
-286
-244
-229
-197
-192
-135
-109
-156
-171
-83
15
-98
-114
-10
72
-67
36
72
78
20
78
-5
151
171
31
15
109
135
-20
-31
130
31
15
-10
26
-10
15
-104
-26
-15
-83
-5
-114
-98
-135
-72
-130
-52
-15
-93
-151
-130
26
-10
-93
-36
-78
-72
-104
-88
20
36
-78
-114
10
31
-10
-98
72
-52
-10
-78
0
-98
-109
-182
-83
-171
-36
-187
-125
-255
-291
-140
-218
-312
-317
-291
-270
-432
-401
-380
-208
-447
-442
-380
-276
-291
-348
-385
-375
-145
-88
-218
-93
0
-20
10
125
218
125
333
401
385
442
463
468
682
630
536
546
755
791
609
562
536
661
567
489
437
572
364
234
187
223
302
26
-67
41
15
-156
-197
-244
-260
-385
-369
-322
-427
-427
-411
-526
-427
-281
-375
-406
-395
-416
-432
-281
-187
-218
-291
-244
-114
-93
-72
-57
-62
93
-5
-10
-20
0
114
93
-5
41
161
104
46
119
67
-5
104
98
114
-41
78
41
93
5
67
135
-10
41
177
83
46
109
244
98
93
98
307
98
93
312
234
130
135
322
208
156
130
192
119
104
114
57
15
-41
-5
-130
-98
-52
-88
-203
-229
-156
-62
-307
-312
-208
-109
-348
-234
-229
-93
-192
-229
-109
5
-52
-52
20
119
36
36
98
208
213
192
390
302
364
281
312
312
390
333
244
364
312
223
208
161
171
213
119
-5
57
114
-26
-109
-52
-98
-229
-260
-166
-15
-291
-270
-140
-171
-270
-208
-182
-265
-265
-218
-93
-104
-182
-72
-41
5
-88
-41
46
0
-15
15
98
93
-20
-5
187
171
57
46
114
62
-15
-20
125
171
-31
-67
41
-5
-78
20
15
-104
-72
-20
-119
-20
-166
-78
-67
-31
-119
-72
-114
-83
-156
-5
-26
-15
-83
-78
-10
-114
-98
-5
-5
-20
-57
-5
-114
88
5
-10
-57
-57
-109
-109
-62
-104
-125
-197
-109
-213
-135
-286
-166
-166
-265
-312
-317
-296
-223
-375
-411
-411
-312
-359
-333
-364
-286
-401
-307
-333
-161
-223
-135
-125
-130
-151
-10
98
98
93
177
416
385
354
427
437
447
510
671
593
489
557
750
645
505
526
708
645
473
416
411
437
250
291
192
93
135
15
26
-114
-46
-5
-114
-302
-328
-265
-380
-473
-312
-416
-385
-489
-359
-296
-328
-406
-380
-281
-369
-276
-364
-135
-281
-177
-161
-26
-151
-20
26
-57
-78
-36
270
-36
5
93
104
-5
-15
83
109
140
0
93
203
62
5
-20
171
62
0
46
125
57
36
78
171
135
119
72
98
286
125
125
119
187
135
223
244
88
125
223
244
78
203
171