44
67
94
67
106
78
83
111
100
128
156
139
150
189
178
162
173
184
167
150
178
167
184
145
150
195
189
117
128
89
39
-16
-22
-44
-83
-61
-11
-39
-78
-61
-33
-72
-128
-111
-100
-128
-162
-111
-100
-89
-55
-16
16
5
11
33
61
27
5
27
55
50
22
50
83
106
61
44
39
44
61
50
-33
-16
-27
-55
-78
-78
-39
-111
-117
-128
-139
-128
-134
-100
-111
-100
-117
-139
-122
-117
-122
-156
-128
-117
-106
-67
-55
-50
-44
-33
-55
-67
-55
-122
-122
-156
-184
-201
-195
-167
-229
-256
-256
-256
-335
-351
-368
-435
-508
-497
-502
-541
-508
-474
-441
-446
-402
-385
-335
-351
-273
-128
-5
100
251
351
407
374
385
452
413
480
525
631
737
743
793
888
1000
877
782
648
586
435
335
284
122
100
61
67
16
-27
-78
-117
-217
-379
-519
-642
-759
-832
-826
-815
-765
-670
-631
-558
-569
-525
-541
-513
-497
-446
-396
-324
-245
-173
-122
-55
-5
72
89
145
184
229
212
229
212
217
184
184
162
111
89
61
-16
-22
-27
0
0
-11
-16
-11
-16
-5
-78
-106
-117
-117
-100
-134
-67
27
67
94
212
245
256
290
301
296
234
262
284
234
217
256
290
273
301
290
312
217
162
72
0
-122
-212
-256
-290
-290
-351
-335
-318
-368
-407
-413
-418
-474
-530
-513
-469
-530
-508
-424
-346
-290
-245
-162
-61
-33
67
100
162
206
296
307
301
363
430
418
469
508
569
553
564
569
614
530
508
491
413
379
307
223
178
201
145
100
122
150
89
39
16
27
-94
-145
-173
-156
-206
-178
-173
-134
-94
-22
-22
-27
0
0
-55
-83
-72
-33
-33
5
22
78
50
94
89
100
100
72
50
83
33
61
50
61
67
72
67
128
55
89
122
122
134
128
156
178
167
150
173
184
150
167
167
173
139
178
189
184
201
212
173
100
94
39
-11
-61
-22
-72
-55
-27
-5
-39
-11
-22
-78
-106
-111
-134
-122
-134
-128
-94
-72
-33
0
22
44
27
33
33
44
5
16
44
89
22
50
106
117
67
83
89
44
61
16
5
-16
-50
-61
-39
-61
-106
-78
-106
-100
-145
-122
-78
-111
-128
-94
-67
-139
-145
-145
-111
-162
-134
-117
-61
-50
-39
0
-44
-44
-50
-16
-111
-128
-106
-134
-178
-178
-167
-195
-206
-212
-229
-273
-296
-335
-374
-458
-480
-474
-508
-480
-463
-441
-402
-379
-357
-346
-312
-234
-128
-78
-5
184
279
329
312
407
463
452
446
502
648
664
715
793
871
815
821
821
731
597
480
402
284
184
122
111
72
0
-22
-61
-173
-268
-340
-446
-620
-670
-726
-659
-826
-754
-664
-631
-620
-575
-525
-502
-508
-486
-469
-396
-346
-268
-217
-111
-72
-16
44
83
122
162
223
184
173
212
245
167
145
178
178
94
67
44
61
11
-11
-33
-5
16
-16
-44
-50
-61
-89
-106
-94
-33
-106
-67
11
83
78
145
201
251
268
268
273
262
262
251
256
262
301
256
290
273
273
240
195
189
78
0
-67
-156
-217
-240
-279
-273
-312
-351
-379
-374
-441
-435
-446
-486
-502

