72
27
-27
27
-27
55
11
-16
-116
-61
-55
-72
-61
-138
-66
-44
-227
-72
-122
-250
-88
-66
-205
-294
-183
-138
-366
-372
-238
-188
-405
-366
-288
-266
-427
-288
-355
-438
-394
-383
-444
-344
-455
-350
-377
-494
-527
-372
-250
-450
-383
-411
-511
-338
-383
-444
-388
-388
-388
-455
-461
-538
-516
-283
-572
-466
-550
-288
-461
-500
-500
-277
-411
-338
-244
-311
-344
-283
-277
-227
-255
-127
-5
-138
-144
-122
100
238
200
272
122
244
211
266
344
455
394
383
500
422
522
550
622
744
577
466
566
672
622
577
650
655
577
538
655
511
488
466
594
550
461
416
638
372
250
355
522
438
233
144
294
277
288
200
172
155
355
155
50
155
88
94
111
100
83
-116
-122
133
111
-22
-38
33
-94
-66
-205
77
-211
-261
-188
-111
-227
-266
-200
-127
-344
-372
-288
-255
-400
-266
-350
-450
-433
-266
-405
-444
-366
-316
-472
-366
-311
-372
-438
-311
-261
-294
-194
-216
-266
-294
-127
-238
-127
-55
-88
100
22
5
61
77
272
200
311
216
416
211
227
383
427
333
494
483
477
372
516
561
450
361
455
516
383
338
361
483
377
350
388
272
183
222
344
294
205
66
83
338
100
50
77
166
77
33
-5
116
-66
-61
-5
11
-27
72
-111
-50
-33
-61
-166
-55
-11
-16
-166
-166
-183
-72
-105
-55
-244
-300
-177
-38
-338
-383
-211
-144
-333
-377
-244
-300
-444
-411
-194
-344
-511
-361
-305
-405
-494
-416
-333
-366
-466
-405
-383
-277
-455
-488
-411
-316
-483
-494
-361
-344
-466
-533
-455
-177
-527
-522
-433
-388
-583
-616
-300
-416
-522
-472
-83
-366
-516
-505
-138
-266
-344
-338
-94
-300
-188
-100
-77
-44
111
16
-27
55
266
144
177
338
366
227
250
450
505
416
455
555
605
394
466
588
694
516
611
622
600
527
661
588
555
511
716
477
477
627
466
483
544
438
400
322
383
466
344
227
238
316
344
172
233
238
266
155
177
166
283
105
-11
11
83
27
55
144
38
-100
-5
133
-27
-88
-155
-100
-150
-188
-94
-88
-144
-222
-233
-255
-344
-233
-227
-261
-433
-405
-94
-416
-450
-283
-383
-366
-461
-316
-422
-411
-422
-338
-350
-327
-416
-400
-216
-288
-338
-322
-211
-77
-244
-288
-83
16
-55
83
55
27
255
66
188
138
355
277
277
283
455
383
311
411
583
483
416
505
422
466
366
461
483
555
388
394
322
322
444
277
388
350
311
155
205
100
255
150
261
83
122
11
-16
66
105
116
55
88
-61
-116
11
-5
-105
-77
44
-11
61
-116
-172
-155
-50
-138
-77
11
-105
-294
-111
-150
-238
-216
-177
-244
-227
-244
-327
-350
-200
-350
-422
-361
-300
-394
-500
-383
-266
-427
-472
-350
-361
-483
-450
-450
-538
-366
-305
-466
-438
-450
-377
-511
-361
-505
-344
-472
-422
-494
-366
-566
-466
-366
-511
-477
-511
-361
-450
-366
-250
-444
-433
-344
-322
-266
-338
-255
-238
-238
-350
-144
105
177
-27
-50
66
44
11
250
266
222
216
466
300
205
377
594
600
466
400
577
533
522
555
666
661
555
477
572
727
488
427
550
1000
488
433
622
616
444
344
461
627
416
383
322
216
250
444
266
383
266
244
266
277
77
116
116
277
172
-33
-16
83
166
11
61
244
16
-150
-116
-5
-22
-144
-194
-205
66
-133
-116
-200
-227
-244
-261
-250
-344
-344
-216
-266
-372
-277
-394
-333
-416
-244
-394
-422
-527
-327
-272
-411
-461
-200
-261
-377
-327
-372
-200
-300
-344
-238
-127
-155
-111
-188
-116
50
188
77
-11
55
211
127
11
188
377
311
250
300
444
483
344
355
472
411
355
444
511
355
372
433
511
461
438
372
355
294
333
388
277
238
255
272
294
133
183
211
316
122
83
127
38
5
133
16
16
138
94
-16
-133
-127
-5
127
-111
-166
0
77
-144
-205
-133
166
-133
-172
-133
-72
-311
-372
-177
-72
-300
-294
-72
-300
-361
-133
-277
-394
-438
-350
-277
-433
-416
-327
-427
-322
-422
-305
-388
-355
-422
-461
-488
-416
-372
-450
-338
-344
-427
-422
-322
-416
-455
-422
-422
-555
-400
-366
-438
-494
-438
-333
-344
-411
-422
-311
-355
-372
-405
-250
-350
-333
-311
-322
-183
-255
-216
-216
122
-72
5
-66
155
50
61
194
216
111
100
361
266
305
411
477
394
450
433
594
438
505
577
555
494
544
644
555
472
605
500
572
638
677
516
461
516
616
505
327
383
555
305
261
416
366
372
283
383
250
222
261
344
100
16
277
138
-16
27
266
50
-5
105
200
0
-16
-16
-5
-38
-111
-155
-133
-116
-61
-177
-172
-138
-83
-227
-266
-316
-188
-227
-311
-311
-416
-138
-405
-283
-433
-227
-433
-327
-411
-294
-405
-388
-227
-411
-422
-272
-172
-261
-300
-361
-283
-277
-100
-177
-194
-161
-11
44
38
0
16
166
227
133
161
155
105
238
355
405
344
433
350
355
288
583
527
416
388
327
311
377
561
327
400
522
400
188
283
416
266
222
322
377
105
244
188
144
100
105
238
127
55
38
-27
-61
200
77
-22
22
44
-16
-188
-72
-44
50
-122
-61
-38
-88
-144
-83
-155
-105
-255
-61
-155
-244
-350
-161
-322
-261
-200
-133
-377
-366
-227
-361
-305
-394
-383
-372
-422
-372
-438
-338
-427
-444
-266
-405
-377
-505
-400
-483
-405
-444
-316
-422
-388
-488
-461
-444
-444
-505
-405
-516
-272
-388
-361
-388
-338
-400
-411
-211
-300
-400
-400
-333
-300
-322
-216
-150
-44
-194
-211
-133
-177
-255
-38
-72
122
11
155
105
61
105
255
344
166
150
338
250
300
350
377
416
555
422
405
388
561
455
483
522
505
511
350
538
700
433
533
527
583
350
383
577
444
377
411
561
305
377
405
311
216
361
344
233
272
188
233
127
144
166
366
133
211
-22
-144
-22
222
-105
-72
61
27
-88
-16
-33
5
-227
-155
-38
-300
-333
-94
-127
-255
-305
-38
-150
-322
-344
-222
-172
-416
-361
-300
-161
-344
-311
-200
-327
-333
-277
-333
-327
-200
-311
-311
-333
-194
-200
-250
-122
-77
-111
-205
-55
-94
-133
-194
144
83
55
77
194
27
233
238
122
144
216
322
100
116
294
472
383
422
383
422
294
377
255
288
388
483
233
244
372
483
350
400
333
283
200
200
172
272
305
127
122
250
300
72
50
122
72
122
-22
166
-83
-11
-38
66
-38
61
77
-105
-144
-88
-155
-238
-150
-72
-72
-211
-294
-55
-100
-261
-300
-61
-200
-300
-355
-361
-205
-294
-183
-322
-250
-266
-305
-394
-300
-416
-344
-388
-416
-372
-416
-477
-205
-344
-416
-350
-355
-416
-455
-488
-461
-533
-355
-327
-455
-361
-333
-238
-466
-433
-344
-327
-355
-450
-338
-300
-461
-327
-205
-211
-205
-205
-77
-283
-294
-100
-94
-177
-166
-38
-27
-177
-183
-44
94
94
211
166
105
111
194
211
127
272
305
238
216
188
533
361
350
372
566
516
383
461
516
422
416
500
388
483
377
438
427
488
455
477
483
416
477
511
322
288
527
316
233
172
227
316
277
155
394
277
200
150
266
188
38
94
5
66
-44
105
-66
-122
16
27
55
-22
-66
-172
-33
-33
-227
-205
-238
-261
-127
-283
-161
-294
-88
-227
-288
-277
-200
-155
-322
-416
-405
22
-311
-327
-322
-111
-366
-250
-300
-205
-250
-183
-144
-150
-183
-55
-238
-33
-177
-94
-61
-166
-155
72
-16
-61
27
216
138
55
150
211
-16
144
100
183
227
177
166
316
277
261
283
394
238
266
300
272
211
205
438
311
216
322
261
177
211
366
244
266
183
250
122
194
150
144
194
105
44
122
150
-83
11
38
183
-66
22
-50
33
-77
-72
-122
-94
-194
22
-227
-277
-5
-138
-255
-238
-88
-100
-288
-272
-127
-338
-344
-266
-150
-300
-333
-316
-172
-316
-383
-305
-255
-366
-338
-416
-233
-344
-433
-427
-316
-322
-433
-338
-505
-400
-344
-466
-383
-455
-477
-333
-355
-422
-383
-300
-411
-411
-238
-416
-377
-405
-461
-283
-316
-205
-344
-105
-250
-183
-300
-100
-111
-216
-211
-111
-55
-111
-33
-122
-72
-22
-33
-100
111
138
88
50
283
105
133
100
244
116
216
111
283
311
266
361
277
433
394
394
255
444
461
411
233
322
488
377
372
355
511
377
327
361
544
411
272
261
494
227
166
238
550
272
155
122
294
405
83
77
272
183
16
66
266
27
-44
-5
-16
33
-77
-38
-144
-38
50
-105
-77
-105
-94
-88
-172
-288
-205
-216
-127
-238
-194
-177
-166
-233
-183
-216
-205
-261
-138
-333
-350
-200
-211
-211
-166
-283
-266
-38
-205
-277
-266
116
-172
-166
-155
-183
-150
-116
22
-88
-133
5
61
-138
-144
88
166
-50
-11
283
77
-5
16
266
183
100
111
77
133
216
250
161
388
322
277
200
183
155
344
177
261
150
250
244
355
222
183
188
400
138
116
116
244
122
161
116
61
33
72
94
-27
166
-5
44
-72
-16
-55
-122
-172
-38
-155
-133
-83
-138
-222
-288
0
-172
-277
-188
-116
-150
-294
-300
-138
-188
-344
-377
-133
-255
-377
-361
-305
-172
-233
-283
-427
-444
-188
-255
-438
-483
-305
-266
-405
-511
-433
-194
-416
-461
-416
-405
-444
-388
-288
-400
-455
-338
-383
-450
-305
-416
-322
-405
-311
-250
-322
-238
-244
-211
-333
-261
-138
-166
-250
-144
-116
-72
-266
-100
-66
27
-111
-150
-33
-100
-122
-72
300
238
50
61
211
161
44
16
366
211
111
122
477
233
277
383
444
427
316
344
300
350
327
427
361
383
350
411
377
333
333
611
383
350
294
427
300
283
383
288
266
238
344
277
116
222
288
177
138
161
155
116
205
66
33
183
38
-72
-77
11
-44
-138
-94
155
-111
-133
11
-33
-177
-250
-55
-222
-294
-305
-5
-133
-233
-205
-16
-227
-255
-183
-133
-294
-333
-194
-222
-244
-250
-55
-261
-144
-83
-77
-283
-155
-83
-111
-250
-216
72
0
-177
-122
83
-38
-72
-133
138
-61
-77
-50
250
44
72
133
261
44
50
116
83
83
288
161
105
177
327
327
261
277
383
138
122
355
200
111
133
416
344
172
222
311
300
250
138
138
283
161
33
122
222
116
88
38
116
72
-11
-16
5
0
-94
-33
-33
22
-150
-122
-116
-27
-194
-150
-200
-122
-188
-283
-22
-194
-277
-150
-116
-205
-244
-188
-288
-194
-338
-338
-316
-344
-61
-327
-277
-244
-300
-244
-438
-438
-277
-383
-472
-394
-377
-322
-477
-344
-366
-333
-288
-361
-472
-366
-338
-416
-366
-277
-333
-433
-394
-177
-288
-283
-227
-155
-244
-311
-288
-166
-166
-211
-177
-172
-150
-144
-44
-50
-183
-166
33
88
-116
-94
27
-200
-16
227
127
61
211
88
50
144
300
83
138
238
244
66
150
450
394
283
344
361
333
200
405
444
333
400
500
322
338
311
433
333
605
244
244
538
388
238
266
633
316
250
233
422
216
138
205
350
133
100
327
116
44
133
111
155
111
44
-38
-5
-88
-94
-122
33
-5
-100
-94
105
-161
-194
-150
-77
-138
-272
-327
-116
-38
-138
-116
-138
-255
-138
-177
-127
-216
-283
-127
-272
-161
-166
33
-216
-122
-88
-16
-177
-177
-94
-111
-194
-133
-72
83
-94
-11
-5
-88
-83
27
-122
-61
-11
105
11
138
5
144
105
127
77
66
111
22
166
166
200
188
94
166
516
333
155
127
422
211
105
166
466
205
161
250
405
283
166
361
233
300
105
183
94
205
77
161
116
233
38
11
194
-5
77
-77
50
-94
-100
-77
-83
-105
-22
-100
-200
-166
-211
-177
-144
-138
-238
-127
-216
-188
-233
-105
-255
-244
-227
-155
-333
-405
-300
-111
-261
-316
-183
-300
-238
-400
-266
-272
-416
-411
-316
-450
-505
-361
-194
-372
-411
-422
-311
-316
-311
-500
-472
-350
-183
-388
-427
-277
-327
-361
-416
-205
-288
-144
-211
-294
-311
-116
-111
-222
-200
-227
-111
-183
-33
-61
-61
-155
-144
66
-105
-38
-150
133
-50
-38
0
188
155
66
166
105
150
200
211
166
150
311
172
188
133
244
450
450
205
283
372
344
300
427
444
338
277
388
461
344
411
238
488
338
283
344
316
466
350
405
244
238
322
255
216
72
188
294
122
105
188
27
155
211
44
11
5
-150
38
-22
-55
-177
-27
38
0
-122
-172
-27
5
-183
-222
-111
-238
-200
-216
-55
-177
-183
-227
16
-227
-244
-111
-133
-155
-327
-205
-38
-133
-44
-66
-122
-238
-116
-161
-88
-183
-222
-33
-72
-172
-177
122
66
-100
-105
-38
-77
-127
-100
11
-11
-50
-61
177
105
44
50
172
50
72
100
0