-251
-243
-230
-213
-203
-188
-172
-167
-154
-135
-123
-103
-88
-70
-44
-31
-18
-2
14
27
43
67
85
98
111
130
146
158
167
182
193
194
198
214
211
214
218
225
214
219
226
225
207
199
195
182
161
144
133
117
92
72
59
36
18
11
-7
-33
-62
-82
-106
-141
-172
-200
-219
-241
-277
-302
-319
-344
-375
-401
-424
-439
-467
-491
-516
-530
-544
-556
-578
-595
-602
-612
-630
-637
-649
-650
-662
-658
-664
-667
-664
-650
-646
-648
-646
-635
-634
-632
-623
-612
-609
-596
-588
-582
-574
-563
-544
-519
-503
-484
-462
-431
-407
-373
-334
-297
-261
-228
-185
-154
-114
-69
-26
21
67
121
177
240
284
335
400
467
515
557
606
642
684
723
765
810
849
877
900
923
950
950
959
972
1000
989
973
964
962
960
934
904
880
851
802
757
734
691
648
608
567
524
473
429
403
352
299
245
210
158
109
65
40
-1
-35
-66
-101
-138
-166
-176
-199
-224
-249
-270
-288
-306
-329
-341
-342
-353
-373
-388
-395
-394
-408
-420
-416
-415
-421
-428
-430
-433
-427
-422
-424
-430
-431
-430
-434
-436
-418
-416
-408
-399
-376
-354
-343
-320
-296
-275
-261
-246
-219
-193
-168
-138
-96
-63
-33
3
40
77
119
157
203
237
279
309
347
381
420
459
502
526
563
582
610
629
653
665
673
693
709
707
713
718
722
718
706
696
671
647
627
606
574
547
520
489
459
435
411
378
337
302
266
225
180
146
107
73
36
6
-27
-56
-75
-94
-125
-150
-175
-190
-219
-235
-259
-277
-284
-295
-311
-328
-341
-342
-353
-357
-365
-369
-370
-366
-370
-359
-361
-351
-347
-345
-341
-336
-332
-326
-326
-318
-316
-301
-284
-275
-261
-248
-231
-214
-199
-189
-178
-161
-149
-133
-122
-108
-82
-69
-56
-39
-19
-6
7
24
45
58
69
82
111
121
128
144
163
167
178
188
190
195
200
204
208
209
211
206
212
204
207
196
187
173
163
146
131
110
95
80
63
47
26
8
-10
-27
-44
-69
-90
-124
-144
-177
-207
-225
-247
-281
-304
-323
-349
-372
-403
-426
-449
-469
-489
-505
-525
-541
-557
-567
-585
-601
-611
-611
-632
-646
-644
-652
-649
-656
-646
-649
-642
-641
-635
-628
-622
-622
-614
-602
-596
-596
-581
-567
-557
-549
-540
-535
-521
-500
-468
-447
-426
-391
-366
-339
-297
-253
-219
-184
-150
-108
-80
-33
9
66
118
171
228
282
339
383
439
494
549
588
624
673
707
747
794
828
863
895
907
920
946
958
952
955
961
969
955
934
922
920
892
863
831
792
744
703
661
636
599
554
514
463
417
382
349
308
247
200
154
108
62
26
-7
-35
-73
-98
-124
-152
-179
-201
-213
-235
-264
-288
-304
-322
-333
-341
-347
-351
-368
-386
-393
-405
-397
-398
-404
-415
-410
-406
-415
-417
-411
-389
-398
-411
-417
-410
-415
-416
-402
-384
-381
-375
-362
-337
-308
-294
-275
-251
-232
-218
-200
-171
-139
-108
-82
-52
-7
23
63
101
149
186
224
261
289
326
367
402
449
486
523
544
576
604
623
647
674
687
690
695
703
717
718
721
720
716
701
683
657
635
612
595

